1.000000000000001E+00
1.000000000000000E+00 9.999999999999998E-01
33
-3.663500063237606E-02
-8.607671028462056E-02
-8.252098488240159E-02
-3.681389599924535E-02
1.367240938967862E-02
3.657017329172641E-02
2.713926745582690E-02
3.962758475394942E-03
-1.140922781876009E-02
-1.140245186531379E-02
-2.356960227343904E-03
5.124174917293869E-03
6.359718869749596E-03
3.070704576311096E-03
-1.307144990501704E-04
-1.079029512015054E-03
1.759856914719998E-05
1.196365574855515E-03
1.672953614785894E-03
1.220640588548107E-03
7.359249016426722E-04
3.742356251040387E-04
4.536933569246135E-04
4.883538759459158E-04
5.791227281081090E-04
4.297715259790136E-04
3.602207287091677E-04
2.002372978516872E-04
1.916084071631168E-04
1.144245416962140E-04
1.229030431681520E-04
5.427002050599426E-05
4.201253517322072E-05
