0.000000000000000E+00
1.000000000000000E+00 -1.000000000000000E+00
33
1.819149758858976E-16
-6.964909287732155E-01
6.933812599124869E-17
3.187306357930833E-01
3.437950013564019E-16
-1.232407244495536E-01
5.065277665710941E-17
4.461576317321725E-02
8.641118320568444E-17
-1.557084310595181E-02
-1.683833654417685E-17
5.310390990719230E-03
3.786580051506117E-17
-1.782876340501534E-03
-5.774896509316439E-17
5.918465723761649E-04
-1.630675324603814E-17
-1.947758544694738E-04
-4.992651698324928E-17
6.369718562788761E-05
-4.862963196052047E-17
-2.069306048981723E-05
-2.595276749002727E-17
6.721650586338814E-06
-4.792834031150589E-17
-2.144115156844110E-06
-3.830576902640755E-17
7.154564578326737E-07
-6.545899004234534E-17
-2.016320719803920E-07
1.512741209026066E-17
9.453514131593450E-08
-2.763355660190954E-17
